Fri Aug 24 21:07:43 +0000 2018,Our summer intern Emilia’s final presentation about her experience observing and participating in our courses and s… https://t.co/wGBCnUI3uT,1
Fri Aug 24 20:46:37 +0000 2018,https://t.co/woTLaq1oJU,0
Fri Aug 24 20:43:30 +0000 2018,https://t.co/k5L6mUDnDU,0
Fri Aug 24 19:29:56 +0000 2018,A handful of families from around the world with #polymicrogyria lead scientists to discover a new gene that helps… https://t.co/rYE9Iq4mql,1
Fri Aug 24 18:00:01 +0000 2018,TMC1: The protein in the #innerear that enables us to hear: https://t.co/RnE0TPK2jy CC: @harvardmed #deafness… https://t.co/OC9JUvODQL,0
Fri Aug 24 15:30:03 +0000 2018,Earlier this summer  we celebrated our researchers during the first Boston Children’s Science Media Exhibition  a d… https://t.co/plKLqTDHpD,1
Fri Aug 24 14:29:30 +0000 2018,According to @CDCgov   the #cancer death rate for African-Americans is 25% higher than whites:… https://t.co/oxCL8IJxfN,2
Fri Aug 24 13:00:01 +0000 2018,A new #immunotherapy drug could slow #melanoma that has spread to the brain: https://t.co/RhhAF7Oluk via @NYTimes… https://t.co/GqQRX8RJxU,1
Fri Aug 24 05:21:21 +0000 2018,@CalvinAyre When BCH became a forked coin off of Bitcoin how many coins did you have on deposit @ Bovada and Bodog?,0
Fri Aug 24 01:41:01 +0000 2018,@sashandiggers I sold my bch for btc 🤷‍♂️ I’m fine,0
