Fri May 04 22:40:06 +0000 2018,Seriously though  if anyone in #threatintel is tracking bitcoin mining/phishing campaigns. I received this from  wh… https://t.co/bIMfbqAmIl,2
Fri May 04 22:03:12 +0000 2018,Seriously though  if anyone in #threatintel is tracking bitcoin mining/phishing campaigns. I received this from  wh… https://t.co/bIMfbqAmIl,2
Fri May 04 21:52:26 +0000 2018,Seriously though  if anyone in #threatintel is tracking bitcoin mining/phishing campaigns. I received this from  wh… https://t.co/bIMfbqAmIl,2
Fri May 04 21:35:07 +0000 2018,We can't say it enough: ultimately the responsibility for your personal security lies in your hands. Protect yourse… https://t.co/A7pufwS1Gd,0
Fri May 04 21:17:38 +0000 2018,New @oxfam study shows 18 oil&amp;mining companies support contract disclosure. https://t.co/7Ki9iBXrC2 #whatsthedeal… https://t.co/Jw2PURiXmo,11
Fri May 04 10:47:53 +0000 2018,Want to know more about #CryptoMining? https://t.co/ZOkeObhvXx #HappyReading #KindleUnlimited,0
Fri May 04 10:47:53 +0000 2018,Want to know about starting an online #business? https://t.co/r6xlDp89cC https://t.co/ZOkeObhvXx #HappyReading #KindleUnlimited,0
Fri May 04 04:51:14 +0000 2018,New @oxfam study shows 18 oil&amp;mining companies support contract disclosure. https://t.co/7Ki9iBXrC2 #whatsthedeal… https://t.co/Jw2PURiXmo,11
Fri May 04 00:41:00 +0000 2018,@JesseKellyDC Why bother with conquering other people when we have the stars? Export our culture and let the rest p… https://t.co/9WxmfkUdeA,0
