Tue Oct 24 23:55:45 +0000 2017,Ain't no way the media would've let Obama or either of the Clintons evade accountability for troop fatalities by insulting Gold ⭐️ families.,551
Tue Oct 24 23:54:22 +0000 2017,@k_shock gold lamé?,0
Tue Oct 24 23:53:16 +0000 2017,Earned 2 PSN trophies (1 gold and 1 silver) in Hue - https://t.co/QcFiReoJHL,0
Tue Oct 24 23:53:10 +0000 2017,Most people know about PJ. Very popular champagne. Light gold and smells like green apples. Taste is refreshing but… https://t.co/rexjp3yTdu,0
Tue Oct 24 23:50:39 +0000 2017,Ain't no way the media would've let Obama or either of the Clintons evade accountability for troop fatalities by insulting Gold ⭐️ families.,551
Tue Oct 24 23:49:09 +0000 2017,Ain't no way the media would've let Obama or either of the Clintons evade accountability for troop fatalities by insulting Gold ⭐️ families.,551
Tue Oct 24 23:48:36 +0000 2017,Ain't no way the media would've let Obama or either of the Clintons evade accountability for troop fatalities by insulting Gold ⭐️ families.,551
Tue Oct 24 23:48:07 +0000 2017,The Harris County Fire Marshal’s Office has been awarded the Achievement of Excellence Gold Award at the Texas Fire… https://t.co/j0XI2bCwNg,4
Tue Oct 24 23:44:24 +0000 2017,So the US is in the African nation of Niger. Why? They produce 13k barrels of oil per day Gold &amp; Uranium. Uranium is used for nuclear needs,48
Tue Oct 24 23:43:58 +0000 2017,"I'm camo down to my boxers  gold teeth  a bathing ape" #spiritweek day2 https://t.co/eDfVsrpFSi,18
Tue Oct 24 23:38:01 +0000 2017,Ladies if your interested in participating in Miss Black and Gold this upcoming year  come out we have an Informati… https://t.co/IZolDK6Yw9,4
Tue Oct 24 23:35:14 +0000 2017,My hair is fading into a rose gold color and Idk if I love it orrrrr,0
Tue Oct 24 23:30:00 +0000 2017,9 steps  unparalleled leadership  and passion for a problem? That’s what it takes to earn the Girl Scout Gold Award. https://t.co/fvAyZMsJ7X,0
Tue Oct 24 23:28:03 +0000 2017,@Nodfather_ @samsaraps Yea but im not vibing the crown she wears  too gold for my taste,0
Tue Oct 24 23:25:07 +0000 2017,So the US is in the African nation of Niger. Why? They produce 13k barrels of oil per day Gold &amp; Uranium. Uranium is used for nuclear needs,48
Tue Oct 24 23:23:00 +0000 2017,why is Dora caucasian ... keep it https://t.co/2v0c9NCNBy,50243
Tue Oct 24 23:22:11 +0000 2017,So the US is in the African nation of Niger. Why? They produce 13k barrels of oil per day Gold &amp; Uranium. Uranium is used for nuclear needs,48
Tue Oct 24 23:17:35 +0000 2017,"I'm camo down to my boxers  gold teeth  a bathing ape" #spiritweek day2 https://t.co/eDfVsrpFSi,18
Tue Oct 24 23:17:14 +0000 2017,"I'm camo down to my boxers  gold teeth  a bathing ape" #spiritweek day2 https://t.co/eDfVsrpFSi,18
Tue Oct 24 23:15:11 +0000 2017,Everybody on the dreamville roster is A1 talent from Ari Lennox  Earthgang  J.I.D.  BAS..... it’s deeper than just J. Cole they all gold.,0
Tue Oct 24 23:05:47 +0000 2017,so ill get to see ZD twice this weekend. okay. i'm okay... https://t.co/SaKbqBV9Lg,0
Tue Oct 24 23:00:27 +0000 2017,Gold's Gym Houston voted best health club in Texas!  #GoAstros! #HoustonStrong #GoldsGym  #BodyCombat #GRIT with… https://t.co/BHsGalFXE7,1
Tue Oct 24 22:57:57 +0000 2017,I still think strippers should win  gold medals  https://t.co/oGIAMk6dxy,4
Tue Oct 24 22:57:00 +0000 2017,@pavelwavel I'ma a gold chain gamer I buy games off instinct....had to keep tradition alive,0
Tue Oct 24 22:54:56 +0000 2017,"I'm camo down to my boxers  gold teeth  a bathing ape" #spiritweek day2 https://t.co/eDfVsrpFSi,18
Tue Oct 24 22:53:05 +0000 2017,Steve Wozniak: Bitcoin Is Better Than Gold And The Dollar https://t.co/pdS8rzoxUv,0
Tue Oct 24 22:48:59 +0000 2017,Bruh I took the gamble n purchased this ..that A.I full retarded...fuck it ...I'm a gold chain gamer lol https://t.co/EBuOmKyMQ7,0
Tue Oct 24 22:47:49 +0000 2017,Would you like to invest in some Global Force Gold? https://t.co/YFimLRvv2e,0
Tue Oct 24 22:45:07 +0000 2017,@ClayTravis this is gold. https://t.co/EWijP1IgrJ,1
Tue Oct 24 22:44:03 +0000 2017,I’m only watching bc she is back. But did she just call their relationshipthe gold standard??? 😳 #SC6,0
Tue Oct 24 22:40:35 +0000 2017,So the US is in the African nation of Niger. Why? They produce 13k barrels of oil per day Gold &amp; Uranium. Uranium is used for nuclear needs,48
Tue Oct 24 22:38:18 +0000 2017,I need to go buy another gold M🙄,0
Tue Oct 24 22:36:42 +0000 2017,@WhatsUpCrypto https://t.co/gubdmVGIWy,0
Tue Oct 24 22:36:19 +0000 2017,So the US is in the African nation of Niger. Why? They produce 13k barrels of oil per day Gold &amp; Uranium. Uranium is used for nuclear needs,48
Tue Oct 24 22:35:13 +0000 2017,So the US is in the African nation of Niger. Why? They produce 13k barrels of oil per day Gold &amp; Uranium. Uranium is used for nuclear needs,48
Tue Oct 24 22:18:48 +0000 2017,.@Olympic gold medalist @Simone_Biles' childhood home up for sale https://t.co/pxN6DwXUKY https://t.co/D6KLZ5od5u,12
Tue Oct 24 22:14:42 +0000 2017,@ClayTravis this is gold. https://t.co/EWijP1IgrJ,1
Tue Oct 24 22:13:51 +0000 2017,this thread is gold. https://t.co/St3oq0gRBy,3
Tue Oct 24 22:13:07 +0000 2017,Our Fire Marshal's Office earned the 2017 Achievement of Excellence Gold Level Award in Fire Prevention. More info:… https://t.co/549r6qg757,2
Tue Oct 24 22:12:08 +0000 2017,New Album Cover?  @vivifiction insearchofmyark #hotelrooms @ Johnny's Gold Brick https://t.co/VwrYGqmAu8,0
Tue Oct 24 22:11:25 +0000 2017,@Tofuugaming Gold digger prank on a NEW acc pls                                             ---,0
Tue Oct 24 22:08:03 +0000 2017,Feel like getting Gold teeth 🤔,0
Tue Oct 24 22:06:39 +0000 2017,"I'm camo down to my boxers  gold teeth  a bathing ape" #spiritweek day2 https://t.co/eDfVsrpFSi,18
Tue Oct 24 22:04:10 +0000 2017,Sour Snowballs. #Bacardi Gold #WatermelonDaiquiriMix Fresh Lime Pina Colada Balls #Bacardi White Rum #PinaColada Pi… https://t.co/lBfG3yrvbl,0
Tue Oct 24 22:03:20 +0000 2017,@_BlueeSkies Some niggas still gone try to find gold in that rainbow 🤣,0
Tue Oct 24 22:00:48 +0000 2017,@LovelyLexyyTV @thejanellemj But you ain't gonna miss it because were gonna get you to gold,0
Tue Oct 24 21:51:05 +0000 2017,Long Station Necklace and Matte Gold Hematite Station Necklace on 36" C… https://t.co/yHPxsmYpXm #Etsy #LongNecklace https://t.co/f2SIddjuDk,0
Tue Oct 24 21:49:28 +0000 2017,So the US is in the African nation of Niger. Why? They produce 13k barrels of oil per day Gold &amp; Uranium. Uranium is used for nuclear needs,48
Tue Oct 24 21:44:01 +0000 2017,Signup for the #FREE Fuel Rewards Network https://t.co/759j4FD5HZ … #ad   Save 5 cents per gallon w/Instant Gold Status,0
Tue Oct 24 21:39:30 +0000 2017,So the US is in the African nation of Niger. Why? They produce 13k barrels of oil per day Gold &amp; Uranium. Uranium is used for nuclear needs,48
Tue Oct 24 21:39:26 +0000 2017,this thread is gold. https://t.co/St3oq0gRBy,3
Tue Oct 24 21:36:37 +0000 2017,this thread is gold. https://t.co/St3oq0gRBy,3
Tue Oct 24 21:31:25 +0000 2017,21 Savage's "ISSA Album" Is Certifed Gold https://t.co/rSbgKvtgYT,0
Tue Oct 24 21:31:21 +0000 2017,French Montana's "Jungle Rules" Earns Gold Certification From RIAA https://t.co/yyqOtBmKau,0
Tue Oct 24 21:30:01 +0000 2017,@DatBigBoiAlex You're bronze 3?? I got placed in Silver 2 after the provisionals trying to climb back into gold.… https://t.co/VdDSIOi3Pg,0
Tue Oct 24 21:27:40 +0000 2017,this thread is gold. https://t.co/St3oq0gRBy,3
Tue Oct 24 21:27:38 +0000 2017,EVERYTHING THING GOLD (@RobusVader) 🏆🎖🏅🎗🏵 https://t.co/DujBrWpiPB,130
Tue Oct 24 21:27:12 +0000 2017,The stage is set. #EarnHistory https://t.co/GARevAan18,789
Tue Oct 24 21:26:44 +0000 2017,Slide and check out the full look of the lace bodysuit and full length soft gold maxi skirt with… https://t.co/a07sRiBtVj,0
Tue Oct 24 21:17:58 +0000 2017,Approx 6 500 #plays/#streams and counting. All organic  no GMO or Aspartame. Find out why - https://t.co/gZcUWRlsgF… https://t.co/sofaEaQqWv,0
Tue Oct 24 21:17:09 +0000 2017,Congrats to @BeldenInc for their recent Gold &amp; Silver #Innovator Awards win at the BICSI’s 2017 Fall Conference.… https://t.co/pXiedqHh0f,0
Tue Oct 24 21:15:12 +0000 2017,#NowPlaying Gallant - Weight In Gold on #FastCast4u.com,0
Tue Oct 24 21:07:06 +0000 2017,Gold Citrine Earrings  Long Citrine Drop Earrings  Pink Cr… https://t.co/ouqQ300l0g #CaveGemstones #GoldPinkCrystals https://t.co/ddXanx4Q3D,0
Tue Oct 24 21:06:07 +0000 2017,Sometimes I feel like their isn’t anything to live for then I listen 2 @triathalonmusic nremember  album 3 is dropping can’t miss  this gold,3
Tue Oct 24 21:00:23 +0000 2017,Somebody right now is telling themselves  "What am I going to do with all this gold?".,0
Tue Oct 24 20:59:56 +0000 2017,5409 Gold St  Houston  TX 77026  $140 000 3 beds  2 baths https://t.co/jiaWHMfTgv,0
Tue Oct 24 20:50:27 +0000 2017,@Strong_Badam Empress sticker is gold,0
Tue Oct 24 20:50:18 +0000 2017,"I'm camo down to my boxers  gold teeth  a bathing ape" #spiritweek day2 https://t.co/eDfVsrpFSi,18
Tue Oct 24 20:50:03 +0000 2017,https://t.co/eDq1xPczOK "Luxury Gifts" Most Expensive 24kt Gold Gifts in World #Gift https://t.co/J8uBGsNCmn,0
Tue Oct 24 20:44:54 +0000 2017,.@Olympic gold medalist @Simone_Biles' childhood home up for sale https://t.co/pxN6DwXUKY https://t.co/D6KLZ5od5u,12
Tue Oct 24 20:44:43 +0000 2017,.@Olympic gold medalist @Simone_Biles' childhood home up for sale https://t.co/pxN6DwXUKY https://t.co/D6KLZ5od5u,12
Tue Oct 24 20:36:02 +0000 2017,Gold fangs?🤔,0
Tue Oct 24 20:32:05 +0000 2017,Re-activated my twitter bc @TheEllenShow was gunna be on campus but keeping it bc @gribenn’s tweets are pure gold #nowondershesmybestie,0
Tue Oct 24 20:30:45 +0000 2017,#NowPlaying Aramide - Love Me ft Adekunle Gold | Listen at https://t.co/q4Y6N7eQxy,1
Tue Oct 24 20:30:24 +0000 2017,#AFFILIATE “Szul” at https://t.co/rtcICsoG7y: FREE Opal Earrings in Rose Gold Plated Silver with all Purchases of $50 or More,0
Tue Oct 24 20:28:33 +0000 2017,#AFFILIATE “Szul” at https://t.co/rtcICsoG7y: 1/4 Carat TW Diamond Journey Pendant in 10K White Gold - $99.00 + Fre… https://t.co/ReZis8nPFD,0
Tue Oct 24 20:24:01 +0000 2017,These Are Jonathan Gold's 2017 101 Best Restaurants In Los Angeles https://t.co/4C4VxnLdx9,0
Tue Oct 24 20:13:46 +0000 2017,TK Maxx Haul - Designer Treats  Rose Gold Tech &amp; Baby Gifts https://t.co/NiCShfpOe4 via @bloglovin,0
Tue Oct 24 20:13:30 +0000 2017,#NowPlaying Aramide - Love Me ft Adekunle Gold | Listen at https://t.co/q4Y6N7eQxy,1
Tue Oct 24 20:12:55 +0000 2017,EVERYTHING THING GOLD (@RobusVader) 🏆🎖🏅🎗🏵 https://t.co/DujBrWpiPB,130
Tue Oct 24 20:11:00 +0000 2017,♯❝ Scoodie Hoodie Hood &amp; Scarf Combined Shades of Greens Gold Colors Paw... Be Inspired! https://t.co/0fTrJeWVdG https://t.co/ocbeJdQBjh,0
Tue Oct 24 20:07:23 +0000 2017,EVERYTHING THING GOLD (@RobusVader) 🏆🎖🏅🎗🏵 https://t.co/DujBrWpiPB,130
Tue Oct 24 20:06:46 +0000 2017,.@Olympic gold medalist @Simone_Biles' childhood home up for sale https://t.co/pxN6DwXUKY https://t.co/D6KLZ5od5u,12
Tue Oct 24 20:06:10 +0000 2017,@EvaristoVillela @iWonderMxF @Zillalicious Risto let's go see adventure club and cry to gold with Baby J(izz),0
Tue Oct 24 20:00:22 +0000 2017,For the rum lovers - Stay Gold Pony Boy - with a blast of honey and lemon for good measure! #rum #cocktail https://t.co/SuBq6rGLTV,0
Tue Oct 24 20:00:13 +0000 2017,BAWWWHAHAHHAA...you thought. She would NEVER😂 Black and Gold is her preference 👀 https://t.co/0KVfEZtPg8,0
Tue Oct 24 19:56:58 +0000 2017,All glitter aint gold,0
Tue Oct 24 19:49:28 +0000 2017,So the US is in the African nation of Niger. Why? They produce 13k barrels of oil per day Gold &amp; Uranium. Uranium is used for nuclear needs,48
Tue Oct 24 19:44:28 +0000 2017,#AFFILIATE “B2C Jewels” at https://t.co/rtcICsGhw8: Fine diamond jewelry and trendy products in gold  pearl &amp; gemstone.,0
Tue Oct 24 19:31:11 +0000 2017,Check out 14k Gold Plated 4-Charm Bracelet Fairy  Moon  Flower and Lizard 7 inches Lg #Unbranded https://t.co/HvFHerfkvu via @eBay,0
Tue Oct 24 19:31:09 +0000 2017,.@Olympic gold medalist @Simone_Biles' childhood home up for sale https://t.co/pxN6DwXUKY https://t.co/D6KLZ5od5u,12
Tue Oct 24 19:30:50 +0000 2017,Pussy Pom Pom. Mint leaves  Peach Slices &amp; Kiwi Slices. #Hypnotiq #Alize Gold Passion #PomHulaPineapple #Greygoose… https://t.co/dlfNXmrnla,0
Tue Oct 24 19:29:20 +0000 2017,"I'm camo down to my boxers  gold teeth  a bathing ape" #spiritweek day2 https://t.co/eDfVsrpFSi,18
Tue Oct 24 19:19:05 +0000 2017,So the US is in the African nation of Niger. Why? They produce 13k barrels of oil per day Gold &amp; Uranium. Uranium is used for nuclear needs,48
Tue Oct 24 19:18:14 +0000 2017,Lol I don’t need that kind of stress in my life.,0
Tue Oct 24 19:15:24 +0000 2017,@BarryIsFunny MC Trey is Solid Gold!,0
Tue Oct 24 19:12:31 +0000 2017,I’m waiting on whatever God has planned for me.,0
Tue Oct 24 19:06:02 +0000 2017,A cheeky little @TKMaxx_UK Haul including Michael Kors  Ted Baker and lots of Rose Gold https://t.co/LKJHiBG4IK #fbloggers #TKMaxx,1
Tue Oct 24 19:05:18 +0000 2017,A cheeky little @TKMaxx_UK Haul including Michael Kors  Ted Baker and lots of Rose Gold https://t.co/LKJHiBG4IK #fbloggers #TKMaxx,1
Tue Oct 24 18:57:45 +0000 2017,.@Olympic gold medalist @Simone_Biles' childhood home up for sale https://t.co/pxN6DwXUKY https://t.co/D6KLZ5od5u,12
Tue Oct 24 18:50:17 +0000 2017,So the US is in the African nation of Niger. Why? They produce 13k barrels of oil per day Gold &amp; Uranium. Uranium is used for nuclear needs,48
Tue Oct 24 18:46:00 +0000 2017,#TheWarOnDrugs meets #REOSpeedwagon? Yeah  don't sleep on Vodi. https://t.co/LBpnY7W931,2
Tue Oct 24 18:41:26 +0000 2017,Follow my official camera woman. @drippingin_gold,1
Tue Oct 24 18:40:53 +0000 2017,.@Olympic gold medalist @Simone_Biles' childhood home up for sale https://t.co/pxN6DwXUKY https://t.co/D6KLZ5od5u,12
Tue Oct 24 18:40:35 +0000 2017,Follow my official camera woman. @drippingin_gold,1
Tue Oct 24 18:39:58 +0000 2017,For those who asked me here’s the video lol Gold Medalist @Carl_Lewis 😂😂😭😭 https://t.co/gxEhfQVEu2,0
Tue Oct 24 18:39:37 +0000 2017,For those who asked me here’s the video lol Gold Medalist Carl Lewis 😂😂😭😭 https://t.co/gxEhfQVEu2,0
Tue Oct 24 18:33:02 +0000 2017,@Beluba @paayuuul1 @CallMeAgent00 @CHoops4Life @ScottOGallagher @LD2K @Ronnie2K @2KProAmInsider Oh and Alley-Oops..… https://t.co/GJ5obMbNEH,0
Tue Oct 24 18:30:47 +0000 2017,@Verliswolf How do you react to people saying "We want to explore Kanto in USUM"  even though we have Gold and Silver on the VC?,0
Tue Oct 24 18:24:52 +0000 2017,So the US is in the African nation of Niger. Why? They produce 13k barrels of oil per day Gold &amp; Uranium. Uranium is used for nuclear needs,48
Tue Oct 24 18:14:30 +0000 2017,So the US is in the African nation of Niger. Why? They produce 13k barrels of oil per day Gold &amp; Uranium. Uranium is used for nuclear needs,48
Tue Oct 24 18:12:07 +0000 2017,@julespersists Isn’t it pure gold? Lmao,0
Tue Oct 24 18:09:45 +0000 2017,❣ø Scoodie Hoodie Hood &amp; Scarf Combined Shades of Greens Gold Colors Paw... Just For You https://t.co/0fTrJeFkm8 https://t.co/t87SybVzbt,0
Tue Oct 24 18:06:55 +0000 2017,So the US is in the African nation of Niger. Why? They produce 13k barrels of oil per day Gold &amp; Uranium. Uranium is used for nuclear needs,48
Tue Oct 24 18:02:59 +0000 2017,❦☾ Black White Coral Tote Bag - Gold Faux Leather - Beach Bag  Work Bag ... Shop &amp; Save https://t.co/HfgqlVTDvR https://t.co/l5VkHskaNQ,0
Tue Oct 24 18:01:28 +0000 2017,So the US is in the African nation of Niger. Why? They produce 13k barrels of oil per day Gold &amp; Uranium. Uranium is used for nuclear needs,48
Tue Oct 24 17:57:13 +0000 2017,So the US is in the African nation of Niger. Why? They produce 13k barrels of oil per day Gold &amp; Uranium. Uranium is used for nuclear needs,48
Tue Oct 24 17:56:49 +0000 2017,#TheWarOnDrugs meets #REOSpeedwagon? Yeah  don't sleep on Vodi. https://t.co/LBpnY7W931,2
Tue Oct 24 17:53:44 +0000 2017,@stevewoz: #Bitcoin is better than #gold and #USD https://t.co/CPt93mhEfl,0
Tue Oct 24 17:53:30 +0000 2017,"I'm camo down to my boxers  gold teeth  a bathing ape" #spiritweek day2 https://t.co/eDfVsrpFSi,18
Tue Oct 24 17:52:23 +0000 2017,@DJqHolic killing rose gold ! Safe travels fam. Water down.,1
Tue Oct 24 17:51:50 +0000 2017,GOOD AFTERNOON😀!! Stop by the store today and check out this Ladies Glycine 14k Gold Watch with Diamonds. We close… https://t.co/nakdntgqzK,0
Tue Oct 24 17:46:24 +0000 2017,"I'm camo down to my boxers  gold teeth  a bathing ape" #spiritweek day2 https://t.co/eDfVsrpFSi,18
Tue Oct 24 17:43:06 +0000 2017,@JunDishes I’m going for the gold . I’m waiting for that follow back on twitter . 😎😎😎,0
Tue Oct 24 17:42:03 +0000 2017,Last night a previous client turned friend and I joked about a potential How To Be A Gold Digger… https://t.co/KWYvWXCIRB,0
Tue Oct 24 17:42:00 +0000 2017,"I'm camo down to my boxers  gold teeth  a bathing ape" #spiritweek day2 https://t.co/eDfVsrpFSi,18
Tue Oct 24 17:40:25 +0000 2017,I still think strippers should win  gold medals  https://t.co/oGIAMk6dxy,4
Tue Oct 24 17:36:32 +0000 2017,gold link and shy glizzy so underrated https://t.co/K1WLtYvSYa,6
Tue Oct 24 17:36:05 +0000 2017,So the US is in the African nation of Niger. Why? They produce 13k barrels of oil per day Gold &amp; Uranium. Uranium is used for nuclear needs,48
Tue Oct 24 17:35:57 +0000 2017,Midlife Employees – The Gold Standard of Employment https://t.co/u9MxzsDwbv,0
Tue Oct 24 17:33:06 +0000 2017,Handmade  every step of the way! https://t.co/xExBd0KOhe #fallfashion #style #jewelry #authentic #handmade… https://t.co/Wba10dCjRn,2
Tue Oct 24 17:33:00 +0000 2017,Tabatta This Making Real Money With cash for gold Brisbane Opportunities https://t.co/qggr6Pmur4,0
Tue Oct 24 17:30:05 +0000 2017,Handmade  every step of the way! https://t.co/xExBd0KOhe #fallfashion #style #jewelry #authentic #handmade… https://t.co/Wba10dCjRn,2
Tue Oct 24 17:26:36 +0000 2017,Fcking gold lol https://t.co/H2aUMmEEoF,0
Tue Oct 24 17:25:30 +0000 2017,“you got me OSO fucked up “ https://t.co/AKYjzNgabs,5272
Tue Oct 24 17:24:19 +0000 2017,I pray my relationship with God gets stronger.,28361
Tue Oct 24 17:22:35 +0000 2017,Handmade  every step of the way! https://t.co/xExBd0KOhe #fallfashion #style #jewelry #authentic #handmade… https://t.co/Wba10dCjRn,2
Tue Oct 24 17:21:06 +0000 2017,♦✿ Scoodie Hoodie Hood &amp; Scarf Combined Shades of Greens Gold Colors Paw... Consider Now https://t.co/XfMADJ0IoI https://t.co/E7UzIC4qCv,0
Tue Oct 24 17:19:59 +0000 2017,FUN FACT- 99 girls out of 100 are Gold diggers 👍,0
Tue Oct 24 17:08:04 +0000 2017,Ladies if your interested in participating in Miss Black and Gold this upcoming year  come out we have an Informati… https://t.co/IZolDK6Yw9,4
Tue Oct 24 17:07:43 +0000 2017,Interested in joining the Eta Mu Miss Black and Gold Pageant?   We are having our informational THIS Wednesday!… https://t.co/8rk56Wsjrx,8
Tue Oct 24 17:04:57 +0000 2017,Why have I not seen The Descent? Also: “Someone needs to murder all these sex-having teens” is gold.  https://t.co/QBqJNwR7N6,0
Tue Oct 24 17:04:04 +0000 2017,italian tole chandelier TUSCANY gold leaf 6-light https://t.co/wtIyKLhFzz via @Etsy,0
Tue Oct 24 17:03:08 +0000 2017,@Hadas_Gold @JuddLegum  https://t.co/PNV9rSrzRz,0
Tue Oct 24 17:02:33 +0000 2017,NEW POST Tapso the Ornery Panda 8” Gold Life Vinyl Figure by @HuckGee x @MightyJaxx - On Sale Now!  #HuckGee… https://t.co/r6wCcaWMuS,0
Tue Oct 24 16:58:22 +0000 2017,@KeyMikeSkully That’s gold right there. This nigga Trevor funny,0
Tue Oct 24 16:58:05 +0000 2017,"I'm camo down to my boxers  gold teeth  a bathing ape" #spiritweek day2 https://t.co/eDfVsrpFSi,18
Tue Oct 24 16:58:01 +0000 2017,Fossilized mammoth jewelry displayed on a gold tooth alligator jaw dish &amp; ceramic skull sculpture.… https://t.co/NPXs7cPAwS,0
Tue Oct 24 16:47:19 +0000 2017,So the US is in the African nation of Niger. Why? They produce 13k barrels of oil per day Gold &amp; Uranium. Uranium is used for nuclear needs,48
Tue Oct 24 16:45:00 +0000 2017,#TheWarOnDrugs meets #REOSpeedwagon? Yeah  don't sleep on Vodi. https://t.co/LBpnY7W931,2
Tue Oct 24 16:30:58 +0000 2017,.@Olympic gold medalist @Simone_Biles' childhood home up for sale https://t.co/pxN6DwXUKY https://t.co/D6KLZ5od5u,12
Tue Oct 24 16:30:49 +0000 2017,Deep Dive: Your 401(k) plan could be a gold mine if you do these two simple things https://t.co/L0dyitHtxG,0
Tue Oct 24 16:28:46 +0000 2017,@saim_riz The ones with x mark on both hands  their names will be written with gold in history. You are here to bring revolutions.,0
Tue Oct 24 16:23:56 +0000 2017,Go ahead and give this a look 🙂 EXCLUSIVE TEE SHIRT to match the NIKE AIR JORDAN 12 MASTERS! DEAD PREZ GOLD https://t.co/Srzc4jwOXr,2
Tue Oct 24 16:23:47 +0000 2017,14K White Gold Diamond Ring Band via @EBTHofficial https://t.co/LP9GhHOdsL #auction #ebth #diamonds #jewelry #Houston,0
Tue Oct 24 16:23:31 +0000 2017,Hamilton 10K Yellow Gold Wristwatch via @EBTHofficial https://t.co/1G2orytlT5 #auction #ebth #diamonds #jewelry #Houston,2
Tue Oct 24 16:23:07 +0000 2017,14K Yellow Gold Diamond Cross Pendant Necklace via @EBTHofficial https://t.co/7X3ovrJv6E #auction #ebth #diamonds #jewelry #Houston,0
Tue Oct 24 16:18:11 +0000 2017,I’m gold mouf,0
Tue Oct 24 16:16:02 +0000 2017,@AstrosTalk Really beautiful gold color!  Worthy of two 100-win teams.  Thanks for the photograph.,0
Tue Oct 24 16:13:10 +0000 2017,14K White Gold Scrolled Diamond Ring via @EBTHofficial https://t.co/9aeR8xjjHh #auction #ebth #diamonds #jewelry #Houston,0
Tue Oct 24 16:12:56 +0000 2017,14K White Gold 2.43 CTW Diamond Bridal Set via @EBTHofficial https://t.co/6gpoulstm3 #auction #ebth #diamonds #jewelry #Houston,0
Tue Oct 24 16:12:39 +0000 2017,14K White Gold 2.30 CTW Diamond Bracelet via @EBTHofficial https://t.co/fQtY31gyta #auction #ebth #diamonds #jewelry #Houston,0
Tue Oct 24 16:12:29 +0000 2017,14K White Gold 3.46 CTW Diamond Tennis Bracelet via @EBTHofficial https://t.co/MC82d8pQ6B #auction #ebth #diamonds #jewelry #Houston,0
Tue Oct 24 16:12:14 +0000 2017,14K White Gold 4.90 CTW Diamond Bracelet via @EBTHofficial https://t.co/yf8hxcOMJK #auction #ebth #diamonds #jewelry #Houston,0
Tue Oct 24 16:11:56 +0000 2017,Go ahead and give this a look 🙂 EXCLUSIVE TEE SHIRT to match the NIKE AIR JORDAN 12 MASTERS! DEAD PREZ GOLD https://t.co/Srzc4jwOXr,2
Tue Oct 24 16:10:56 +0000 2017,Houston  Jam this new track from VODI found exclusively here before their album release at @RockefellersHou on 11/4 https://t.co/sZG1fvu3TL,1
Tue Oct 24 16:10:18 +0000 2017,Go ahead and give this a look 🙂 EXCLUSIVE TEE SHIRT to match the NIKE AIR JORDAN 12 MASTERS! DEAD PREZ GOLD https://t.co/Srzc4jwOXr,2
Tue Oct 24 16:08:53 +0000 2017,☺◔ Scoodie Hoodie Hood &amp; Scarf Combined Shades of Greens Gold Colors Paw... Take a Look https://t.co/0fTrJeFkm8 https://t.co/bEVvRPEvue,0
Tue Oct 24 16:07:29 +0000 2017,If you manage to have a good mind respectful mind  then that title is a gold  plaque.,0
Tue Oct 24 16:04:00 +0000 2017,"I'm camo down to my boxers  gold teeth  a bathing ape" #spiritweek day2 https://t.co/eDfVsrpFSi,18
Tue Oct 24 16:00:28 +0000 2017,So the US is in the African nation of Niger. Why? They produce 13k barrels of oil per day Gold &amp; Uranium. Uranium is used for nuclear needs,48
Tue Oct 24 16:00:05 +0000 2017,Gold LoveHandle for the win 👍  https://t.co/6MVWT97lh9 https://t.co/JzCRbSqkOW,0
Tue Oct 24 15:56:49 +0000 2017,"I'm camo down to my boxers  gold teeth  a bathing ape" #spiritweek day2 https://t.co/eDfVsrpFSi,18
Tue Oct 24 15:56:00 +0000 2017,Houston  Jam this new track from VODI found exclusively here before their album release at @RockefellersHou on 11/4 https://t.co/sZG1fvu3TL,1
Tue Oct 24 15:51:04 +0000 2017,Rainbow Moonstone Teardrop Dangle Earrings  Gold Rainbow… https://t.co/zzEpYcGxGE #ShalomJewelry #BridesmaidEarrings https://t.co/dtEzGPH3aq,0
Tue Oct 24 15:50:48 +0000 2017,Life ain’t always glitter &amp; gold  y’all pretty hoes gon have to get off yall ass and work one day...,0
Tue Oct 24 15:42:02 +0000 2017,TK Maxx Haul - Designer Treats  Rose Gold Tech &amp; Baby Gifts https://t.co/LKJHiBG4IK #fbloggers #lbloggers #gifts @TKMaxx_UK,1
Tue Oct 24 15:40:23 +0000 2017,"I'm camo down to my boxers  gold teeth  a bathing ape" #spiritweek day2 https://t.co/eDfVsrpFSi,18
Tue Oct 24 15:40:18 +0000 2017,"I'm camo down to my boxers  gold teeth  a bathing ape" #spiritweek day2 https://t.co/eDfVsrpFSi,18
Tue Oct 24 15:40:06 +0000 2017,Here Comes Bitcoin Gold: Bitcoin Rally Falters On Latest Blockchain "Hard Fork" https://t.co/okSw48a8fv,0
Tue Oct 24 15:39:53 +0000 2017,TK Maxx Haul - Designer Treats  Rose Gold Tech &amp; Baby Gifts https://t.co/LKJHiBG4IK #fbloggers #lbloggers #gifts @TKMaxx_UK,1
Tue Oct 24 15:38:41 +0000 2017,So the US is in the African nation of Niger. Why? They produce 13k barrels of oil per day Gold &amp; Uranium. Uranium is used for nuclear needs,48
Tue Oct 24 15:37:45 +0000 2017,So the US is in the African nation of Niger. Why? They produce 13k barrels of oil per day Gold &amp; Uranium. Uranium is used for nuclear needs,48
Tue Oct 24 15:36:52 +0000 2017,Captain Victoria Prima won gold in the painters category at ReaperCon 2017! #paintingwarhammer… https://t.co/MBRRGm0DBO,0
Tue Oct 24 15:36:37 +0000 2017,"I'm camo down to my boxers  gold teeth  a bathing ape" #spiritweek day2 https://t.co/eDfVsrpFSi,18
Tue Oct 24 15:34:18 +0000 2017,So the US is in the African nation of Niger. Why? They produce 13k barrels of oil per day Gold &amp; Uranium. Uranium is used for nuclear needs,48
Tue Oct 24 15:32:31 +0000 2017,"I'm camo down to my boxers  gold teeth  a bathing ape" #spiritweek day2 https://t.co/eDfVsrpFSi,18
Tue Oct 24 15:32:12 +0000 2017,So the US is in the African nation of Niger. Why? They produce 13k barrels of oil per day Gold &amp; Uranium. Uranium is used for nuclear needs,48
Tue Oct 24 15:30:35 +0000 2017,So the US is in the African nation of Niger. Why? They produce 13k barrels of oil per day Gold &amp; Uranium. Uranium is used for nuclear needs,48
Tue Oct 24 15:30:24 +0000 2017,.@Olympic gold medalist @Simone_Biles' childhood home up for sale https://t.co/pxN6DwXUKY https://t.co/D6KLZ5od5u,12
Tue Oct 24 15:24:48 +0000 2017,"I'm camo down to my boxers  gold teeth  a bathing ape" #spiritweek day2 https://t.co/eDfVsrpFSi,18
Tue Oct 24 15:24:31 +0000 2017,"I'm camo down to my boxers  gold teeth  a bathing ape" #spiritweek day2 https://t.co/eDfVsrpFSi,18
Tue Oct 24 15:18:03 +0000 2017,Gold's Gym #Woodlands #Magnolia #GroupFitness Schedule https://t.co/tm22VYhpzn #LesMills #BODYPUMP #Cycle #Yoga… https://t.co/DuxVNKA9uc,0
Tue Oct 24 15:16:24 +0000 2017,I found out that everything that glitters ain’t gold.,0
Tue Oct 24 15:10:43 +0000 2017,Still mad the guy at T-Mobile wouldn’t sell me the Rose Gold 128G  7+,0
Tue Oct 24 15:07:06 +0000 2017,Gold Pearl Necklace  Pearl Choker  Cornflake Pearls  Keishi Pearl N… https://t.co/zJvuJ6iGGR #CaveGemstones #Jewelry https://t.co/TEyclxGLqX,0
Tue Oct 24 15:02:00 +0000 2017,❧❀ Black White Coral Tote Bag - Gold Faux Leather - Beach Bag  Work Bag ... Great value https://t.co/HfgqlWbeUr https://t.co/nTVAB1b4jt,0
Tue Oct 24 14:56:16 +0000 2017,@VinnyLingham And the enemy accumulating continues for #Bitcoin https://t.co/MTALVZtqYX,0
Tue Oct 24 14:53:08 +0000 2017,Queenin  On Sale $70  $40 Gold Name Plates  DBY9 BFCM HOLIDAY 17 SALE Starting Early $35-65… https://t.co/s5fzviD79b,0
Tue Oct 24 14:52:05 +0000 2017,EVERYTHING THING GOLD (@RobusVader) 🏆🎖🏅🎗🏵 https://t.co/DujBrWpiPB,130
Tue Oct 24 14:45:21 +0000 2017,The reason for going into the new dungeon is the best reason. "there's gold in them hills" is the best,0
Tue Oct 24 14:45:05 +0000 2017,NEVER chase love  affection  or attention. if it isn't given freely by another person  then it isn't worth having. Period.,445
Tue Oct 24 14:35:18 +0000 2017,https://t.co/iJWX7wCLFz "Gold Lamps" Trending in Hollywood #Retweet #Trending https://t.co/ozc0MGyZPC,0
Tue Oct 24 14:18:23 +0000 2017,#Business story on @NPR The silver (or gold) lining may be that changes in premium pricing may mean some people co… https://t.co/xpuigEtD42,0
Tue Oct 24 14:14:47 +0000 2017,@_freakmoe My momma was a gold digger for sure and all my daddy talk about is money 🙄,0
Tue Oct 24 14:10:15 +0000 2017,.@Olympic gold medalist @Simone_Biles' childhood home up for sale https://t.co/pxN6DwXUKY https://t.co/D6KLZ5od5u,12
Tue Oct 24 14:10:09 +0000 2017,Rossoblu makes TOP 10 list in Jonathan Gold’s 101 Best Restaurants (Los Angeles Times) https://t.co/lvesHC6jCv https://t.co/L4mKAWqxge,0
Tue Oct 24 13:55:22 +0000 2017,Seen on a downtown sign: “Grackles hoard the twilight. All the gold belongs to them.” True. Poetic. #Houston,0
Tue Oct 24 13:44:45 +0000 2017,Metals Stocks: Gold pushed down by dollar strength  Fed leadership uncertainty https://t.co/etwXDtbTaj,0
Tue Oct 24 13:33:31 +0000 2017,@falloutplays the "Don't play destiny 2" video was gold. Props for saying it straight out and disabling comments.,0
Tue Oct 24 13:32:56 +0000 2017,Nigerian lady who recently called out her estranged husband for being a gold-digging… https://t.co/X4XYIU4VNH https://t.co/v0AJepfzEb,0
Tue Oct 24 13:30:22 +0000 2017,https://t.co/9RNy1UNzX3 "Gold Gift Boxes" Trending in Hollywood #Retweet #Enjoy https://t.co/Hi7PNxnOkp,0
Tue Oct 24 13:30:16 +0000 2017,Distraction Abstraction Wire Earrings https://t.co/m5cEb7IFM7 #MileevaBeadworks #Etsy #Gold https://t.co/KXC42CTzvQ,0
Tue Oct 24 13:29:53 +0000 2017,Nigerian lady who recently called out her estranged husband for being a gold-digging… https://t.co/XRaPFVSTFV https://t.co/KPivnzZmSv,0
Tue Oct 24 13:29:34 +0000 2017,Adekunle Gold Drops 'Money'  A Prayer Wrapped In A Flawless Song #adekunlegold #lagos  #nigeria... https://t.co/EDyenbAldt,30
Tue Oct 24 13:29:34 +0000 2017,Adekunle Gold Drops 'Money'  A Prayer Wrapped In A Flawless Song #adekunlegold #lagos  #nigeria... https://t.co/EDyenbAldt,30
Tue Oct 24 13:29:34 +0000 2017,Adekunle Gold Drops 'Money'  A Prayer Wrapped In A Flawless Song #adekunlegold #lagos  #nigeria... https://t.co/EDyenbAldt,30
Tue Oct 24 13:29:34 +0000 2017,Adekunle Gold Drops 'Money'  A Prayer Wrapped In A Flawless Song #adekunlegold #lagos  #nigeria... https://t.co/EDyenbAldt,30
Tue Oct 24 13:29:34 +0000 2017,Adekunle Gold Drops 'Money'  A Prayer Wrapped In A Flawless Song #adekunlegold #lagos  #nigeria... https://t.co/EDyenbAldt,30
Tue Oct 24 13:29:34 +0000 2017,Adekunle Gold Drops 'Money'  A Prayer Wrapped In A Flawless Song #adekunlegold #lagos  #nigeria... https://t.co/EDyenbAldt,30
Tue Oct 24 13:29:34 +0000 2017,Adekunle Gold Drops 'Money'  A Prayer Wrapped In A Flawless Song #adekunlegold #lagos  #nigeria... https://t.co/EDyenbAldt,30
Tue Oct 24 13:29:34 +0000 2017,Adekunle Gold Drops 'Money'  A Prayer Wrapped In A Flawless Song #adekunlegold #lagos  #nigeria... https://t.co/EDyenbAldt,30
Tue Oct 24 13:29:34 +0000 2017,Adekunle Gold Drops 'Money'  A Prayer Wrapped In A Flawless Song #adekunlegold #lagos  #nigeria... https://t.co/EDyenbAldt,30
Tue Oct 24 13:29:34 +0000 2017,Adekunle Gold Drops 'Money'  A Prayer Wrapped In A Flawless Song #adekunlegold #lagos  #nigeria... https://t.co/EDyenbAldt,30
Tue Oct 24 13:29:34 +0000 2017,Adekunle Gold Drops 'Money'  A Prayer Wrapped In A Flawless Song #adekunlegold #lagos  #nigeria... https://t.co/EDyenbAldt,30
Tue Oct 24 13:29:34 +0000 2017,Adekunle Gold Drops 'Money'  A Prayer Wrapped In A Flawless Song #adekunlegold #lagos  #nigeria... https://t.co/EDyenbAldt,30
Tue Oct 24 13:29:34 +0000 2017,Adekunle Gold Drops 'Money'  A Prayer Wrapped In A Flawless Song #adekunlegold #lagos  #nigeria... https://t.co/EDyenbAldt,30
Tue Oct 24 13:29:34 +0000 2017,Adekunle Gold Drops 'Money'  A Prayer Wrapped In A Flawless Song #adekunlegold #lagos  #nigeria... https://t.co/EDyenbAldt,30
Tue Oct 24 13:29:34 +0000 2017,Adekunle Gold Drops 'Money'  A Prayer Wrapped In A Flawless Song #adekunlegold #lagos  #nigeria... https://t.co/EDyenbAldt,30
Tue Oct 24 13:29:34 +0000 2017,Adekunle Gold Drops 'Money'  A Prayer Wrapped In A Flawless Song #adekunlegold #lagos  #nigeria... https://t.co/EDyenbAldt,30
Tue Oct 24 13:29:34 +0000 2017,Adekunle Gold Drops 'Money'  A Prayer Wrapped In A Flawless Song #adekunlegold #lagos  #nigeria... https://t.co/EDyenbAldt,30
Tue Oct 24 13:23:12 +0000 2017,[Deals] Deals with Gold and Spotlight Sales for this Week (Oct 24th – Oct 30th) via /r/xboxone https://t.co/rDl3NfSpKY #AximGaming #Axim #…,0
Tue Oct 24 13:08:00 +0000 2017,Adekunle Gold Drops 'Money'  A Prayer Wrapped In A Flawless Song #adekunlegold #lagos  #nigeria... https://t.co/EDyenbAldt,30
Tue Oct 24 12:59:46 +0000 2017,Vodi Point the Way Toward Debut LP With Shining "Gold" https://t.co/Vzy612VGaB https://t.co/KH9sW1YqbF,0
Tue Oct 24 12:46:04 +0000 2017,Check out Vintage Gold Tone with  Pink Marble Cabochon Center Stone Cross  https://t.co/0lGxFipNjF via @eBay,1
Tue Oct 24 12:39:11 +0000 2017,Check out Vintage Signed Mamselle Filigree Gold Tone Flower Leaf Pin Brooch 2.75" #Mamselle https://t.co/ny5GbZdvat via @eBay,0
Tue Oct 24 12:38:21 +0000 2017,Check out Vintage Gold Tone Donkey Brooch w/ Green Rhinestone Eye and Faux Pearl  (VT) #Unbranded https://t.co/4YzNU7XJD4 via @eBay,0
Tue Oct 24 12:37:16 +0000 2017,Check out Vintage Clip On Drop Dangle Earrlings Brown Acrylic Gold Tone Accent  (H2) #Unbranded https://t.co/388XGtFYhe via @eBay,0
Tue Oct 24 12:36:15 +0000 2017,Check out Beautiful Vintage L.H. Segal Gold Tone Hoop Clip On Earring #LEWISSEGAL #CLIPONEARRINGS https://t.co/dFwbdayobV via @eBay,0
Tue Oct 24 12:35:27 +0000 2017,Check out Beautiful Vintage L.H. Segal Gold Tone Hoop Clip On Earring  #LEWISSEGAL #CLIPONEARRINGS https://t.co/zjOC3yRdGp via @eBay,0
Tue Oct 24 12:35:17 +0000 2017,Gold Is Better Store of Value Than Bitcoin – Goldman Sachs https://t.co/rFFlWfG98Z,0
Tue Oct 24 12:34:33 +0000 2017,Check out Beautiful Vintage L.H. Segal Gold Tone Hoop Clip On Earring #LEWISSEGAL #CLIPONEARRINGS https://t.co/fg8xpJlO1A via @eBay,0
Tue Oct 24 12:29:02 +0000 2017,Venezuela allows $1.7 billion gold swap with Deutsche to lapse: legislator | Article [AMP] | Reuters https://t.co/FLPaDPHTdM,2
Tue Oct 24 12:22:18 +0000 2017,Check out this item in my Etsy shop https://t.co/MShqxkAG0o,0
Tue Oct 24 12:12:07 +0000 2017,Update 3: we went out on Sunday and things still going swimmingly. We even have that gold heart status https://t.co/4E8ku4WLeG,0
Tue Oct 24 12:07:48 +0000 2017,✯‡ Scoodie Hoodie Hood &amp; Scarf Combined Shades of Greens Gold Colors Paw... Click now https://t.co/0fTrJeFkm8 https://t.co/IyFF9FYA41,0
Tue Oct 24 11:51:22 +0000 2017,and left https://t.co/Mo6JlMPTWW,1870
Tue Oct 24 11:51:05 +0000 2017,Tiny Rose Gold Cross Dangle Earrings with Gemstone Accent… https://t.co/S033zEG8PO #ShalomJewelry #BrideCrossEarring https://t.co/7Y3bM054a9,0
Tue Oct 24 11:25:12 +0000 2017,"Gold Home Decor" Pieces Trending in Hollywood @ https://t.co/PCThtu2rB0 #Retweet https://t.co/8eZnbwC2Zk,0
Tue Oct 24 11:25:05 +0000 2017,♠✰ Scoodie Hoodie Hood &amp; Scarf Combined Shades of Greens Gold Colors Paw... Pet People https://t.co/XfMADJ0IoI https://t.co/cxZ3N81Tsn,0
Tue Oct 24 11:07:13 +0000 2017,Venezuela allows $1.7 billion gold swap with Deutsche to lapse: legislator | Article [AMP] | Reuters https://t.co/FLPaDPHTdM,2
Tue Oct 24 11:02:50 +0000 2017,◕※ Black White Coral Tote Bag - Gold Faux Leather - Beach Bag  Work Bag ... Available 4U https://t.co/HfgqlWbeUr https://t.co/vUpYaPlXkn,0
Tue Oct 24 11:02:15 +0000 2017,Venezuela allows $1.7 billion gold swap with Deutsche to lapse: legislator | Article [AMP] | Reuters https://t.co/FLPaDPHTdM,2
Tue Oct 24 10:01:21 +0000 2017,✯› Black White Coral Tote Bag - Gold Faux Leather - Beach Bag  Work Bag ... Act Soon! https://t.co/HfgqlWbeUr https://t.co/0x05kq9RXU,0
Tue Oct 24 09:45:03 +0000 2017,TK Maxx Haul - Designer Treats  Rose Gold Tech &amp; Baby Gifts https://t.co/wsx78ol8AR on @bloglovin,0
Tue Oct 24 09:15:47 +0000 2017,❝→ Scoodie Hoodie Hood &amp; Scarf Combined Shades of Greens Gold Colors Paw... Take a Look https://t.co/XfMADJ0IoI https://t.co/SagVinKyIc,0
Tue Oct 24 07:51:04 +0000 2017,Druzy Pear Shape Dangle Earrings  Petite Druzy Gold Dangle Ear… https://t.co/Kvg94Ek1h3 #ShalomJewelry #DruzyEarring https://t.co/5K3Lm5hO8i,0
Tue Oct 24 07:24:32 +0000 2017,He a Taurus that mean he a gold digger,1
Tue Oct 24 07:21:33 +0000 2017,@hime_bun I didn't even have a chance to send the first message so this was the first message of the conversation and it's gold,0
Tue Oct 24 07:14:59 +0000 2017,◔❝ Scoodie Hoodie Hood &amp; Scarf Combined Shades of Greens Gold Colors Paw... Custom Made https://t.co/XfMADJ0IoI https://t.co/MetlWNwKQB,0
Tue Oct 24 07:08:36 +0000 2017,@TheAlanNoble He’s not picking any of those. Not a single one has gold paint or a centerfold on it. C’mon  guys!,0
Tue Oct 24 07:02:19 +0000 2017,❧※ Black White Coral Tote Bag - Gold Faux Leather - Beach Bag  Work Bag ... Shop now https://t.co/HfgqlWbeUr https://t.co/Rh2qWxox63,0
Tue Oct 24 06:55:44 +0000 2017,If you wanna go and take ride with me  we 3 wheelin in the fo wit the gold d's  oh why do i live this way...,1
Tue Oct 24 06:47:25 +0000 2017,I'm so cute wow https://t.co/HwA8w6eTrM,6808
Tue Oct 24 06:34:10 +0000 2017,If you wanna go and take ride with me  we 3 wheelin in the fo wit the gold d's  oh why do i live this way...,1
Tue Oct 24 06:11:14 +0000 2017,Rose Gold Fridays #JackYates Class of 1997 20th  #GrandMariner #HoustonAstro #WorldSeries watch… https://t.co/QlAOeLk06p,0
Tue Oct 24 06:04:00 +0000 2017,✔❞ Scoodie Hoodie Hood &amp; Scarf Combined Shades of Greens Gold Colors Paw... Handmade https://t.co/0fTrJeFkm8 https://t.co/6Cblvoewtr,0
Tue Oct 24 05:25:55 +0000 2017,I got a heart of gold,0
Tue Oct 24 05:22:27 +0000 2017,This thread is fucking gold 😂😭 https://t.co/D6iSRrom8z,0
Tue Oct 24 05:21:16 +0000 2017,❣∫ Scoodie Hoodie Hood &amp; Scarf Combined Shades of Greens Gold Colors Paw... Inquire Now https://t.co/XfMADJ0IoI https://t.co/zeOeLmfUZD,0
Tue Oct 24 05:13:00 +0000 2017,@eli_schiff @zwaldowski Wow he really thinks he’s tweeting comedy gold. That’s something,0
Tue Oct 24 05:12:11 +0000 2017,Retweeted Thomas Power (@thomaspower):  Bittrex Issues Official Statement About Bitcoin Gold  Warns Users... https://t.co/rmIICnqA8D,0
Tue Oct 24 05:11:00 +0000 2017,There’s nothing better than clapping back at old ass Republicans in the comments section. FB is a gold mine.,0
Tue Oct 24 05:07:07 +0000 2017,Gold Swarovski Crystal Necklace in Sterling Silver  Large Cr… https://t.co/Rc4Fm7yGG1 #CaveGemstones #CrystalPendant https://t.co/JQ6iwam8i9,0
Tue Oct 24 04:59:49 +0000 2017,Interested in joining the Eta Mu Miss Black and Gold Pageant?   We are having our informational THIS Wednesday!… https://t.co/8rk56Wsjrx,8
Tue Oct 24 04:58:19 +0000 2017,Today in the UC @UHALPHAS will be having a table 1-4pm about the Miss Black and Gold pageant.... come talk to us 😊,2
Tue Oct 24 04:58:14 +0000 2017,Ladies if your interested in participating in Miss Black and Gold this upcoming year  come out we have an Informati… https://t.co/IZolDK6Yw9,4
Tue Oct 24 04:56:38 +0000 2017,This Wednesday come find out about how to become Miss Black and Gold 🖤💛 #HMPageant https://t.co/a11pG1iDdp,6
Tue Oct 24 04:53:11 +0000 2017,cause you were gold but I’m colorblind,0
Tue Oct 24 04:42:39 +0000 2017,I might have to mix metallics. Chrome coffee table. Gold knick knacks.,0
Tue Oct 24 04:40:56 +0000 2017,I want my accent metallic in my living room to be gold so bad. But it's hard finding golds that aren't harsh or cheap looking.,0
Tue Oct 24 04:26:58 +0000 2017,SHININ' HARD CAUSE WE BACK UP!!! ROSE GOLD FROM YOUR NEcK UP!!! https://t.co/o5mTylqiXR,0
Tue Oct 24 04:23:58 +0000 2017,I still think strippers should win  gold medals  https://t.co/oGIAMk6dxy,4
Tue Oct 24 04:22:32 +0000 2017,Interested in joining the Eta Mu Miss Black and Gold Pageant?   We are having our informational THIS Wednesday!… https://t.co/byld8mbmuh,11
Tue Oct 24 04:22:12 +0000 2017,This Wednesday come find out about how to become Miss Black and Gold 🖤💛 #HMPageant https://t.co/a11pG1iDdp,6
Tue Oct 24 04:12:43 +0000 2017,My bds sister has a heart of pure gold. She’s such a sweetheart.,1
Tue Oct 24 04:12:04 +0000 2017,My bds sister has a heart of pure gold. She’s such a sweetheart.,1
Tue Oct 24 03:58:30 +0000 2017,Congratulations to the IAH SOC/Move Team on achieving Gold Safety Excellence @weareunited #beingunited @iah_soc https://t.co/g4OWZr6BEv,8
Tue Oct 24 03:57:42 +0000 2017,EVERYTHING THING GOLD (@RobusVader) 🏆🎖🏅🎗🏵 https://t.co/DujBrWpiPB,130
Tue Oct 24 03:40:35 +0000 2017,Barrick Gold’s nickel mine could become a ski resort https://t.co/xmbXttiGic #mining https://t.co/HxX6dO1PCu,0
Tue Oct 24 03:35:33 +0000 2017,Holy efff omg this....this is gold😩🖤 https://t.co/RtGWHXQfbF,0
Tue Oct 24 03:28:53 +0000 2017,LMAOOO IMAGINE TWEETING OUT A GOLD PULL https://t.co/KM0BMFbkZ1,0
Tue Oct 24 03:23:08 +0000 2017,Hahahaha @markiplier spinning chica around was gold! Hahaha I think chica was thinking what the Eff are you doing PUT ME DOWN!😂😂😂,0
Tue Oct 24 03:20:55 +0000 2017,◕❃ Scoodie Hoodie Hood &amp; Scarf Combined Shades of Greens Gold Colors Paw... Be Inspired! https://t.co/XfMADJ0IoI https://t.co/4YgcP34LE5,0
Tue Oct 24 03:08:39 +0000 2017,At least I’m back in Gold ranking before end of season #Overwatch https://t.co/pAR6JhNdEZ,0
Tue Oct 24 03:07:21 +0000 2017,@spennyh11 your tweets are pure gold wow i am your number one fan,0
Tue Oct 24 03:04:55 +0000 2017,Ain't no way the media would've let Obama or either of the Clintons evade accountability for troop fatalities by insulting Gold ⭐️ families.,551
Tue Oct 24 03:04:01 +0000 2017,“all gold everything” by trinidad James is the greatest song of our generation and you can dm for my location if yo… https://t.co/DwmlO4rFuu,3
Tue Oct 24 03:02:46 +0000 2017,Pucker My Goose. #Alize Gold Passion #GreyGoose Vodka Pineapple Slice #ApplePuckers  #WatermelonPuckers https://t.co/J4Ew9CgxIn,0
Tue Oct 24 03:02:03 +0000 2017,❝❃ Black White Coral Tote Bag - Gold Faux Leather - Beach Bag  Work Bag ... Don't Delay https://t.co/HfgqlWbeUr https://t.co/IhoMA75vCH,0
Tue Oct 24 03:01:24 +0000 2017,I believe Randall Cunninghams daughter is an Olympic gold medalist now,0
Tue Oct 24 02:56:58 +0000 2017,I broke my own heart expecting people to be as solid as I am .... Not anymore,1919
Tue Oct 24 02:47:39 +0000 2017,Dalia talking about how ghetto I am cuz I wore big ol hoops an a gold necklace for my senior yearbook picture😂😂,0
Tue Oct 24 02:46:42 +0000 2017,@mundanematt @YouTube Didn't ancient Egyptians wear gold hoop earrings? No  wait  it was pirates. No  wait it was A… https://t.co/pzQmkQhIrW,0
Tue Oct 24 02:37:03 +0000 2017,I practice good over evil ..,1
Tue Oct 24 02:34:18 +0000 2017,@skinmaggot Pure gold bro,0
Tue Oct 24 02:32:57 +0000 2017,They Found $2M in Gold ... in Sewage #SmartNews  https://t.co/oacmWKzaCW,0
Tue Oct 24 02:30:50 +0000 2017,@AndreaMireles15 NO THE FUCK YOU AINT  YOU ARE WORTH PURE GOLD  CHEER THE FUCK UP ANDREA 😇💕,0
Tue Oct 24 02:30:12 +0000 2017,❗️❗️❗️ Gold Life Glamour 💎 https://t.co/PBbxHgn0xE,0
Tue Oct 24 02:20:13 +0000 2017,EVERYTHING THING GOLD (@RobusVader) 🏆🎖🏅🎗🏵 https://t.co/DujBrWpiPB,130
Tue Oct 24 02:13:46 +0000 2017,Interested in joining the Eta Mu Miss Black and Gold Pageant?   We are having our informational THIS Wednesday!… https://t.co/byld8mbmuh,11
Tue Oct 24 02:12:45 +0000 2017,Hey @Kelley_O This makes me think of you because it's a gold bio collagen face mask and also looks like a condom. https://t.co/711fpjLvrF,1
Tue Oct 24 02:09:19 +0000 2017,@andihumphries I used to have an actual packet of gold stars that I'd hand out to people during conversations. I should take that up again.,0
Tue Oct 24 02:08:53 +0000 2017,@JDSterba This is gold 👏🏼,0
Tue Oct 24 02:08:49 +0000 2017,Hey @Kelley_O This makes me think of you because it's a gold bio collagen face mask and also looks like a condom. https://t.co/711fpjLvrF,1
Tue Oct 24 02:06:33 +0000 2017,He a Taurus that mean he a gold digger,1
Tue Oct 24 02:02:43 +0000 2017,❣⌂ Scoodie Hoodie Hood &amp; Scarf Combined Shades of Greens Gold Colors Paw... Custom Made https://t.co/0fTrJeFkm8 https://t.co/5u54OGnd35,0
Tue Oct 24 01:56:11 +0000 2017,Interested in joining the Eta Mu Miss Black and Gold Pageant?   We are having our informational THIS Wednesday!… https://t.co/byld8mbmuh,11
Tue Oct 24 01:53:37 +0000 2017,Interested in joining the Eta Mu Miss Black and Gold Pageant?   We are having our informational THIS Wednesday!… https://t.co/8rk56Wsjrx,8
Tue Oct 24 01:48:24 +0000 2017,@UncleChaps Only the gold shows are worth watching imo. The others are forced and have little premise. (Note  I kno… https://t.co/kQ7uAzDCeY,0
Tue Oct 24 01:42:02 +0000 2017,gold link and shy glizzy so underrated https://t.co/K1WLtYvSYa,6
Tue Oct 24 01:40:34 +0000 2017,Venezuela’s foreign reserves hit by expired $1.7 billion gold swap with Deutsche https://t.co/OcSgT7ONF9 #mining https://t.co/YnYs8ob3wL,0
Tue Oct 24 01:36:17 +0000 2017,This Wednesday come find out about how to become Miss Black and Gold 🖤💛 #HMPageant https://t.co/a11pG1iDdp,6
Tue Oct 24 01:35:48 +0000 2017,Miss Black and Gold Pageant informational this Wednesday #HMPageant https://t.co/F3XoF3ltHD,4
Tue Oct 24 01:35:23 +0000 2017,Miss Black and Gold informational this Wednesday 8PM  in the River Oaks RM. All ladies are invited. https://t.co/fOg69km43u,0
Tue Oct 24 01:34:18 +0000 2017,Miss Black and Gold informational this Wednesday 8PM  in the River Oaks RM. All ladies welcome. https://t.co/6MkIYXPmPF,5
Tue Oct 24 01:34:16 +0000 2017,Interested in joining the Eta Mu Miss Black and Gold Pageant?   We are having our informational THIS Wednesday!… https://t.co/8rk56Wsjrx,8
Tue Oct 24 01:34:11 +0000 2017,Interested in joining the Eta Mu Miss Black and Gold Pageant?   We are having our informational THIS Wednesday!… https://t.co/byld8mbmuh,11
Tue Oct 24 01:33:30 +0000 2017,@ReignMakerrr Hahaha...I will take this opportunity to brag on my son. Amazing young man. Heart of gold! Sometimes… https://t.co/I13NhooH6c,0
Tue Oct 24 01:32:40 +0000 2017,EVERYTHING THING GOLD (@RobusVader) 🏆🎖🏅🎗🏵 https://t.co/DujBrWpiPB,130
Tue Oct 24 01:32:27 +0000 2017,This Wednesday come find out about how to become Miss Black and Gold 🖤💛 #HMPageant https://t.co/a11pG1iDdp,6
Tue Oct 24 01:32:18 +0000 2017,Interested in joining the Eta Mu Miss Black and Gold Pageant?   We are having our informational THIS Wednesday!… https://t.co/8rk56Wsjrx,8
Tue Oct 24 01:32:11 +0000 2017,Interested in joining the Eta Mu Miss Black and Gold Pageant?   We are having our informational THIS Wednesday!… https://t.co/byld8mbmuh,11
Tue Oct 24 01:28:48 +0000 2017,Interested in joining the Eta Mu Miss Black and Gold Pageant?   We are having our informational THIS Wednesday!… https://t.co/8rk56Wsjrx,8
Tue Oct 24 01:28:02 +0000 2017,Miss Black and Gold informational this Wednesday 8PM  in the River Oaks RM. All ladies welcome. https://t.co/6MkIYXPmPF,5
Tue Oct 24 01:27:57 +0000 2017,Interested in joining the Eta Mu Miss Black and Gold Pageant?   We are having our informational THIS Wednesday!… https://t.co/byld8mbmuh,11
Tue Oct 24 01:21:37 +0000 2017,Gold. https://t.co/STF1oOfx6Y,0
Tue Oct 24 01:19:33 +0000 2017,♧✾ Scoodie Hoodie Hood &amp; Scarf Combined Shades of Greens Gold Colors Paw... Best Ever https://t.co/XfMADJ0IoI https://t.co/YN6pMaUUrG,0
Tue Oct 24 01:13:06 +0000 2017,Gold  Bitcoin  And Metcalfe’s Law https://t.co/MuZFj9GF1e,0
Tue Oct 24 01:12:02 +0000 2017,I dyed my hair all the way back in like January… Why do I still have gold strands??! it was cute but never again  i say.,0
Tue Oct 24 01:12:00 +0000 2017,EVERYTHING THING GOLD (@RobusVader) 🏆🎖🏅🎗🏵 https://t.co/DujBrWpiPB,130
Tue Oct 24 01:02:35 +0000 2017,❣» Black White Coral Tote Bag - Gold Faux Leather - Beach Bag  Work Bag ... Quality https://t.co/HfgqlWbeUr https://t.co/Cp9RN1cgS5,0
Tue Oct 24 00:56:59 +0000 2017,Momma should've had on a gold/nude dress with a red lip or nude gloss and a long 60's wave for her hair or short finger wave.,0
Tue Oct 24 00:52:19 +0000 2017,POP the Bubbly! 🍾🥂 https://t.co/fIQUnymxAk #bridalshower #mrs #shesaidyes #bridetobe #wedding #weddingsign… https://t.co/evOHsvUvGn,1
Tue Oct 24 00:52:00 +0000 2017,Interested in joining the Eta Mu Miss Black and Gold Pageant?   We are having our informational THIS Wednesday!… https://t.co/8rk56Wsjrx,8
Tue Oct 24 00:47:57 +0000 2017,This why I can't wait for college basketball https://t.co/WvJflDxSUt,17
Tue Oct 24 00:45:52 +0000 2017,Interested in joining the Eta Mu Miss Black and Gold Pageant?   We are having our informational THIS Wednesday!… https://t.co/8rk56Wsjrx,8
Tue Oct 24 00:40:50 +0000 2017,Interested in joining the Eta Mu Miss Black and Gold Pageant?   We are having our informational THIS Wednesday!… https://t.co/byld8mbmuh,11
Tue Oct 24 00:40:48 +0000 2017,This Wednesday come find out about how to become Miss Black and Gold 🖤💛 #HMPageant https://t.co/a11pG1iDdp,6
Tue Oct 24 00:40:21 +0000 2017,This Wednesday come find out about how to become Miss Black and Gold 🖤💛 #HMPageant https://t.co/a11pG1iDdp,6
Tue Oct 24 00:38:18 +0000 2017,Ladies if your interested in participating in Miss Black and Gold this upcoming year  come out we have an Informati… https://t.co/IZolDK6Yw9,4
Tue Oct 24 00:37:35 +0000 2017,Miss Black and Gold informational this Wednesday 8PM  in the River Oaks RM. All ladies welcome. https://t.co/6MkIYXPmPF,5
Tue Oct 24 00:37:32 +0000 2017,Interested in joining the Eta Mu Miss Black and Gold Pageant?   We are having our informational THIS Wednesday!… https://t.co/byld8mbmuh,11
Tue Oct 24 00:37:30 +0000 2017,This Wednesday come find out about how to become Miss Black and Gold 🖤💛 #HMPageant https://t.co/a11pG1iDdp,6
Tue Oct 24 00:37:04 +0000 2017,Ladies if your interested in participating in Miss Black and Gold this upcoming year  come out we have an Informati… https://t.co/IZolDK6Yw9,4
Tue Oct 24 00:35:40 +0000 2017,Interested in joining the Eta Mu Miss Black and Gold Pageant?   We are having our informational THIS Wednesday!… https://t.co/byld8mbmuh,11
Tue Oct 24 00:34:00 +0000 2017,Miss Black and Gold informational this Wednesday 8PM  in the River Oaks RM. All ladies welcome. https://t.co/6MkIYXPmPF,5
Tue Oct 24 00:33:55 +0000 2017,Interested in joining the Eta Mu Miss Black and Gold Pageant?   We are having our informational THIS Wednesday!… https://t.co/byld8mbmuh,11
Tue Oct 24 00:30:14 +0000 2017,Rose Gold Abstract Wire Earrings https://t.co/pXTPUMM80T #Etsy #MileevaBeadworks #Gifts https://t.co/Z4mAmtKWx2,0
Tue Oct 24 00:28:26 +0000 2017,Interested in joining the Eta Mu Miss Black and Gold Pageant?   We are having our informational THIS Wednesday!… https://t.co/byld8mbmuh,11
Tue Oct 24 00:28:22 +0000 2017,Miss Black and Gold informational this Wednesday 8PM  in the River Oaks RM. All ladies welcome. https://t.co/6MkIYXPmPF,5
Tue Oct 24 00:27:26 +0000 2017,@CNNPolitics They got called out! lying about Drumpf's commitment to gold 🌟 families. Now He wants to expedite letters? I call B.S.,0
Tue Oct 24 00:26:51 +0000 2017,Miss Black and Gold informational this Wednesday 8PM  in the River Oaks RM. All ladies welcome. https://t.co/6MkIYXPmPF,5
Tue Oct 24 00:26:31 +0000 2017,Interested in joining the Eta Mu Miss Black and Gold Pageant?   We are having our informational THIS Wednesday!… https://t.co/byld8mbmuh,11
Tue Oct 24 00:18:45 +0000 2017,POP the Bubbly! 🍾🥂 https://t.co/fIQUnymxAk #bridalshower #mrs #shesaidyes #bridetobe #wedding #weddingsign… https://t.co/evOHsvUvGn,1
Tue Oct 24 00:17:25 +0000 2017,I still think strippers should win  gold medals  https://t.co/oGIAMk6dxy,4
Tue Oct 24 00:04:25 +0000 2017,@littlechelleeee lol I'm fwy but do the gold that's always pretty,0
Tue Oct 24 00:03:26 +0000 2017,EVERYTHING THING GOLD (@RobusVader) 🏆🎖🏅🎗🏵 https://t.co/DujBrWpiPB,130
