Fri Oct 12 19:51:09 +0000 2018,@getderb @BitcoinBirch @coinbase Yes. It’s still shit. I don’t trade on it. It’s an on ramp. Complete dog shit company.,0
Fri Oct 12 19:42:24 +0000 2018,@getderb @BitcoinBirch @coinbase No. Only used it to transfer usd as an on ramp to binance. I will only buy usd on… https://t.co/yZEpFzRGIw,0
Fri Oct 12 18:44:13 +0000 2018,@BitcoinBirch @coinbase Who cares. Coinbase sucks and is a ripoff,0
Fri Oct 12 15:50:15 +0000 2018,How To Use The Coinbase Exchange https://t.co/XSBtUwL0bj,0
Fri Oct 12 13:57:51 +0000 2018,@Bitfinexed 2. I am puzzled some even use word Arbitrage in those scenarios. acting like USTD at Binance is the sam… https://t.co/C8vzusDq9K,0
Fri Oct 12 12:51:06 +0000 2018,I liked a @YouTube video https://t.co/7iVX2xBdLY Bitcoin Sidechain Is Live  Coinbase Adds New Coin And Big Money In Crypto,0
Fri Oct 12 11:48:21 +0000 2018,https://t.co/9sQlpWLseU Japan has one of the most stringent regulations on cryptocurrency exchanges  and many crypt… https://t.co/76D2BZxMPk,0
Fri Oct 12 06:16:12 +0000 2018,@CryptoStratton Bought Brd last night after dump  ost  zrx pre coinbase listing (thank God) and today went all in o… https://t.co/GGHlv5zL0M,0
Fri Oct 12 04:30:57 +0000 2018,Its EAZY to purchase! Visit https://t.co/nzMnTXufk3 #Crypto #bitcoin #Litecoin #ETHEREUM #cryptocurrency… https://t.co/LdFD4UhurQ,0
Fri Oct 12 00:24:49 +0000 2018,@XrpCenter Could not help but laugh. This is  unfortunately  why XRP needs Coinbase... I cant believe I said that.,0
